103.51
103.24
104.31
104.91
102.96
102.17
101.93
104.06
104.3
105.4
103.02
103.84
102.21
102.78
101.17
102.46
100.65
101.17
103.14
101.87
103.13
103.05
104.04
104.58
102.78
103.64
104.39
104.3
104.38
105.36
104.7
104.62
104
104.38
103.5
102.43
102.44
101.59
101.75
102.34
100.75
101.27
99.77
97.76
100.17
99.82
100.9
101.89
102.5
99.39
99.25
98.98
98.22
97.11
98.69
99.15
98.45
98.93
100.6
98.8
98.09
98.32
100.23
99.92
100.72
101.67
101.63
101.96
101.98
101.21
101.16
100.63
97.66
96.38
95.81
95.88
97.89
97.5
99.32
98.75
99.69
99.26
99.97
97.86
97.4
99.07
99.08
98.88
98.27
98.23
96.73
96.57
96.83
96.53
96.79
97.06
97.01
96.98
97.27
96.77
96.71
96.71
95.29
95.66
96.12
95.59
95.05
95.17
93.7
94.7
93.58
91.16
92.92
90
90.06
86.39
85.11
86.19
85.66
87.9
89.77
91.45
89.79
91.95
91.71
91.12
91.66
93.12
93.53
93.3
92.4
93.83
93.39
94.7
96.5
96.39
95.54
94.86
94.65
94.5
94.74
94.36
94.46
95.24
95.61
94.99
95.46
95.5
95.23
95.3
95.57
95.51
95.81
95.56
95.94
95.77
94.72
95.26
94.23
94.39
94.27
92.91
93.16
92.71
90.96
90.56
91.24
91.36
91.57
91.83
94.07
93.78
95.17
95.76
96.01
96.6
97.19
97.34
96.82
95.17
96.39
95.96
95.74
94.9
94.28
94.54
94.21
94.38
94.88
94.28
94.59
92.95
93.26
93.06
93.21
93.02
94.27
94.82
94.44
94.19
94.3
93.8
93.77
93.66
94.91
95.34
95.81
95.2
94.95
93.85
93.26
93.41
93.15
92.83
92.51
92.36
91.97
91.45
91.26
90.36
91.89
91.2
91.16
92.74
94.22
94.39
92.8
92.96
92.92
91.58
92.61
92.37
92.24
92.9
92.47
92.46
92.65
93.63
94.03
93.34
93.18
93.1
93.3
91.71
90.92
90.4
91.34
93.21
91.97
91.9
93.12
93.53
93.3
92.4
93.83
93.39
94.7
96.5
96.39
95.54
94.86
94.65
94.5
94.74
94.36
94.46
95.24
95.61
94.99
95.46
95.5
95.3
95.57
95.94
95.77
94.39
94.27
90.96
90.56
91.57
