99.64
99.15
100.6
101.55
100.34
100.14
100.34
101.96
102.98
102.4
101.69
101.46
99.89
101.06
99.21
99.83
98.32
99.53
100.66
100.11
102.52
101.65
102.34
103.22
102.51
102.8
101.21
100.7
100.18
100.26
100.7
99.96
100.44
99.62
98.44
100.38
100.35
99.78
101.1
102.46
101.36
102.46
100.83
100.14
102.38
101.48
102.09
102.26
102.2
103.76
101.9
101.29
104.04
102.49
104
104.76
104.58
104.94
106.39
105.56
103.28
103.79
104.52
104.57
105.36
105.33
105.06
104.59
104.28
106.74
105.55
106.81
104.07
102.76
103.96
104.43
106.72
106.24
108.05
108.52
108.51
107.56
107.72
108.51
108.03
108.25
107.21
106.7
106.88
107.86
108.18
108.76
108.83
108.3
108.16
109.07
108.75
108.91
108.82
108.2
109.01
108.82
108.62
107.46
107.78
107.04
105.56
104.79
104.07
103.13
102.63
101.22
100.36
99.2
98.7
96.78
98.21
97.01
99.12
101.23
102.08
104.91
102.39
104.86
105.13
103.85
104.3
106.59
106.54
107.1
107.1
108.64
107.46
107.88
107.99
107.35
106.19
105.88
104.72
104.58
104.55
104.99
103.8
104.05
104.42
103.84
103.76
103.36
103.73
102.95
103.22
103.44
103.23
103.1
104.19
103.21
102.96
102.7
101.17
102.02
101.74
100.63
101.16
101.08
99.93
100.71
99.82
100.16
99.9
100.09
102.3
101.96
102.11
102.11
102.2
102.19
102.47
101.27
101.8
100.37
102.22
103.28
105.38
105.1
105.8
106.04
105.72
106.47
105.42
105.86
105.87
104.62
104.99
105.65
105.76
104.59
104.75
105.27
103.81
102.81
101.93
102.45
102.53
102.53
103.32
104.1
103.22
103.18
103.22
102.68
102.46
102.17
101.46
100.76
100.3
100.81
100.98
100.96
101.14
100.25
100.64
100.58
100.69
100.87
101.02
100.52
100.91
100.5
100.91
99.51
100
99.31
100.53
101.29
101.03
101.34
99.79
99.96
100.22
100.18
100
98.96
98.75
99.2
97.14
96.87
96.54
98.95
98.06
97.89
106.59
106.54
107.1
107.1
108.64
107.46
107.88
107.99
107.35
106.19
105.88
104.72
104.58
104.55
104.99
103.8
104.05
104.42
103.84
103.76
103.36
102.95
103.22
104.19
103.21
102.02
101.74
99.93
100.71
99.9
