66.38
66.18
65.95
65.5
63.84
63
63.15
62.94
63.95
64.08
62.81
63.06
62.25
62.84
62.15
62.31
61.97
62.61
62.6
62.47
64.05
64.72
64.76
64.29
64.48
64.67
64.78
64.03
64.29
64.09
63.79
63.79
63.21
63.2
63.3
66.3
66.31
65.8
66.25
67.03
66.64
66.65
66.47
65.58
67.34
67.38
68.43
68.88
68.68
69.84
69.03
68.97
68.12
67.74
66.73
65.97
65.48
66.43
67.21
66.01
64.45
64.26
65.48
65.44
66.62
66.96
67.01
67.02
67.24
66.85
66.82
66.02
64.84
64.1
64.09
65.63
67.1
64.79
65.82
66.08
66.4
66.09
66.38
66.58
66.09
66.25
64.93
65.14
65.12
65.47
65.64
65.89
65.6
65.14
63.81
63.8
63.68
63.75
63.9
63.66
64.53
63.84
63.7
64.1
63.96
64.04
62.47
62.75
62.1
61.94
61.74
62.04
61.7
61.76
60.92
59.75
59.91
60.19
59.7
60.3
60.67
61.12
60.18
60.95
61.19
60.72
60.65
61.6
61.81
61.75
61.68
62.35
61.62
62.29
62.66
62.89
62.8
63.87
63.73
63.89
64.69
64.44
64.32
64.44
65.2
64.93
64.79
64.79
64.97
64.75
65.28
64.75
64.85
64.3
64.88
64.82
64.47
64.3
64.28
64
63.98
63.45
63.81
63.24
62.38
62.78
61.4
62.06
61.44
59.83
63.73
64.89
65.44
65.37
65.68
65.44
66.27
66.1
66.17
65.91
66.02
65.56
66.2
65.95
65.88
66.1
66.06
65.86
66.41
66.05
65.86
65.7
64.96
64.82
64.9
65.87
66.43
67.24
66.93
66.84
66.7
67.44
67.21
67.23
67.61
68.06
68.12
68.91
68.84
69.39
69.08
69.12
68.98
68.73
68.02
67.98
67.56
67.65
67.79
67.79
67.6
67.54
67.23
67.58
68.11
68.42
67.21
66.03
66.07
65.34
65.05
65.6
65.37
66.83
67.02
67.29
66.71
66.53
66.54
66.28
65.98
66.34
65.98
65.21
65.54
65.68
65.61
66.1
64.36
65.06
61.6
61.81
61.75
61.68
62.35
61.62
62.29
62.66
62.89
62.8
63.87
63.73
63.89
64.69
64.44
64.32
64.44
65.2
64.93
64.79
64.79
64.75
65.28
64.88
64.82
64
63.98
62.38
62.78
61.44
