198.72
198.76
202.96
204.89
202.23
200.56
199.02
203.3
202.92
203.77
202.19
202.6
200.67
202.11
197.11
198.78
197.21
197.58
199.74
197.66
199.1
198.97
199.93
203.02
200.05
201.33
204.86
206.62
205.59
203.99
201.71
198.57
197.57
196.95
197.48
196.31
195.67
193.02
195.24
194.06
192.28
192
189.33
188.37
192.5
189.25
190.55
195.68
197.44
198.09
195.5
195.75
194.71
192.37
193.23
194.35
194.47
195.02
195.13
190.83
188.4
189.29
193.31
192.57
195.43
195.64
196.84
196.43
195.77
196.45
192.85
191.64
185.15
185.39
184.21
185.18
189.25
187.91
190.62
189.85
189.87
189.73
189.68
190.11
191.1
191.56
189.15
188.67
188.82
187.93
185.56
186
186.56
185.51
186.6
187.97
186.87
187.12
186.99
186.15
189.88
189.73
190.79
190.75
190.57
189.29
186.43
185.55
183
181.33
180.67
176.01
172.61
175.53
176.24
174.72
175.19
176.11
172.88
174.47
174.55
176.35
173.02
176.92
178.34
176.35
177.89
182.78
181.36
181.58
177.44
178.39
176.34
178.99
180.74
179.57
178.8
177.19
175.6
174.43
174.2
174.59
174.94
174.77
174.58
173.04
173.5
173.8
174
174.1
176.52
176.61
176.53
175.15
175.1
175.31
172.13
171.52
169.16
169.5
169.09
165.78
166.15
165.8
162.95
163.05
166.93
168.29
167.12
166.97
170.18
169.33
170
170.04
169.97
168.1
167.87
162.98
162.49
161.33
161.55
162.62
161.81
160.31
158.18
157.93
157.21
158.3
159.9
158.98
160.64
160.73
162.7
162.05
162.45
162.51
163.95
165.4
164.2
163.79
164.24
165.14
164.04
162.64
164.53
167.34
168.08
167.17
166.33
164.52
163.89
164.11
163.65
163.15
162.1
162.95
162.64
161.82
161.89
160.57
162.3
162.1
163.54
165.26
167.64
166.92
165.18
164.39
164.2
163.49
165.12
163.9
162.85
164.14
161.99
161.37
161.09
160.62
161.98
156.69
161.49
160.25
159.44
157.39
155.82
153.82
155.43
158.83
156.65
157.74
182.78
181.36
181.58
177.44
178.39
176.34
178.99
180.74
179.57
178.8
177.19
175.6
174.43
174.2
174.59
174.94
174.77
174.58
173.04
173.5
173.8
174.1
176.52
175.1
175.31
169.5
169.09
162.95
163.05
167.12
