40.29
40.72
40.66
40.96
40.97
41.21
41.46
42.9
42.86
42.88
42.28
42.5
41.7
41.56
41.38
41.02
41.98
42.03
42.85
42.36
43.11
43.06
43.28
43.88
43.85
44.06
43.99
44.09
44.15
43.86
43.5
43.53
43.58
43.87
43.09
42.38
42.6
42.36
42.41
42.45
41.84
41.6
41.28
40.4
42.01
41.19
42.66
47.01
47.18
47.13
45.92
46.39
46.24
45.48
45.96
46.36
46.6
47.19
47.59
46.23
45.65
46.32
46.76
46.45
47.02
47.45
47.88
48.14
48.45
47.98
47.66
47.52
45.74
45.16
46.67
46.95
47.17
46.9
47.59
47.7
48.42
48.84
48.08
48.46
48.62
47.81
47.75
47.47
47.59
47.98
48.7
48.22
48.74
49.46
49.58
49.61
48.78
48.87
48.89
48.68
48.7
47.86
47.57
47.44
46.95
46.05
46.62
46.49
45.91
46.13
45.02
44.38
44.88
44.08
43.63
42.74
43.22
43.73
43.65
44.03
45.85
46.78
45.53
46.09
46.09
45.76
45.9
46.36
46.44
46.41
46.04
47.08
46.56
47.06
47.52
46.68
46.52
46.76
46.24
46.7
47
46.84
46.76
46.47
45.91
45.26
44.96
45.09
45.43
44.88
44.87
45
45.17
45.15
45.22
44.95
45.33
45.11
44.79
44.27
44.08
43.52
43.2
43.2
43.23
42.74
43.08
43.37
42.86
43.16
43.58
43.88
43.97
44.5
44.4
44.87
44.83
44.84
44.69
44.53
44.08
42.45
42.14
42.09
41.68
41.67
41.78
41.99
41.8
41.9
41.87
41.7
42.25
41.72
42.03
41.74
41.99
41.68
41.51
41.65
41.68
41.5
41.23
40.58
40.86
41.11
41.27
41.48
41.21
40.32
40.29
40.79
40.94
40.34
40.01
40.19
40.12
40.1
40.35
39.68
39.75
39.83
39.6
40.24
40.42
39.97
39.54
39.64
39.42
39.06
39.43
39.69
40
40.4
40.51
40.87
39.91
39.86
39.69
39.99
39.94
40.01
40.4
39.75
39.18
39.21
39.36
40.47
39.82
39.8
46.36
46.44
46.41
46.04
47.08
46.56
47.06
47.52
46.68
46.52
46.76
46.24
46.7
47
46.84
46.76
46.47
45.91
45.26
44.96
45.09
44.88
44.87
45.22
44.95
44.27
44.08
43.23
42.74
42.86
