67.85
65.45
64.91
64.44
63.65
63.26
64.72
65.33
65.64
65.98
65.07
64.61
64.1
64.13
63.36
63.19
62.36
63.3
62.56
62.98
63.19
62.89
63.47
63.9
63.72
63.58
63.58
62.1
64.16
63.7
63
63.52
63.64
64.32
64.66
64.76
64.52
63.69
63.73
63.7
64.89
66.07
64.18
63.88
65.36
64.89
65.51
66.08
65.83
65.5
64.2
63.3
63.14
62.34
64.43
65.58
66.04
65.92
67.81
67.55
64.89
65.13
65.69
65.75
65.27
65.22
64.05
64.26
64.04
63.46
62.59
64.07
62.76
62.01
63.13
62.36
61.22
60.61
61.36
61.56
62.35
62.5
63.66
63.25
63.19
64.91
63.53
63.9
64.36
63.33
62.85
61.97
61.45
61.61
62.05
61.57
61.57
58.59
59.26
59.88
59.04
57.2
56.3
57.25
57.82
57.9
57.45
57.27
58.49
58.98
58.39
57.62
58.38
57.07
56.21
56.57
56
56.58
54.99
56.68
56.4
57.98
57.36
58.51
59.6
58.35
57.76
58.18
58.92
59.67
58.81
59.56
58.64
58.94
60.1
60.56
60.63
60.24
59.57
59.59
59.82
59.91
60.43
60.64
61.83
62.43
61.69
62.22
62.29
62.36
62.58
62.59
62.35
61.77
60.7
60.09
58.95
58.04
57.45
57.84
56.47
59.76
60.12
60.21
58.77
58.81
57.64
58.58
57.89
57.79
58.61
57.6
57.58
57.46
57.92
57.48
56.98
56.73
57.11
56.64
57.08
56.7
57.83
58.11
58.8
59.47
59.16
59.48
59.88
58.95
58.66
58.02
58.67
58.07
58
58.47
58.75
58.16
58.09
57.77
57.97
57.23
57.4
57.29
57.99
58.88
59.23
59.65
59.21
60.02
59.84
60.05
59.89
59.16
58.6
58.41
58.05
57.61
56.8
56.51
58.1
58.07
57.06
57.83
57.84
57.39
56.35
55.97
55.23
55.1
56.67
57.19
56.93
57.43
58.1
58.02
57.57
58.05
58.12
57.52
57.33
56.83
58.66
57.58
56.98
56.9
58.07
58.84
58.38
58.26
58.18
58.92
59.67
58.81
59.56
58.64
58.94
60.1
60.56
60.63
60.24
59.57
59.59
59.82
59.91
60.43
60.64
61.83
62.43
61.69
62.22
62.36
62.58
60.7
60.09
57.84
56.47
58.77
58.81
57.89
