7.65
7.55
7.58
7.73
7.7
7.64
7.86
7.95
7.88
7.86
7.78
7.89
7.67
7.78
7.7
7.72
7.73
7.63
7.86
7.83
8.06
8.05
8.06
8.08
8.01
8.01
8.02
8.01
7.97
8.07
8.03
8.03
8.04
8.02
7.97
7.84
7.77
7.54
7.65
7.82
7.69
7.87
7.6
7.6
7.75
7.89
8.01
8
7.9
7.87
7.71
7.67
7.56
7.43
7.7
7.46
7.52
7.55
7.6
7.56
7.54
7.66
8.01
7.86
7.95
8.04
8.17
8.09
8.08
7.96
7.91
8.04
7.86
7.73
7.74
7.87
8.02
8.06
8.13
8.23
8.29
8.14
8.22
8.29
8.28
8.24
8.19
8.12
8.12
7.97
7.78
7.74
7.93
7.67
7.86
8.26
8.05
8.17
8.12
8.01
8.13
8.17
8.12
8.36
8.27
8.23
8.22
8.43
8.37
8.34
8.4
7.93
8.17
7.89
7.94
7.8
7.77
7.96
7.9
7.9
8.05
8.27
8.17
8.51
8.29
8.29
8.2
8.46
8.55
8.61
8.56
8.66
8.51
8.61
8.64
8.63
8.54
8.57
8.56
8.37
8.43
8.36
8.27
8.49
8.32
8.31
8.39
8.34
8.37
8.13
8.14
8.22
8.26
8.18
8.25
8.13
8.02
7.82
7.75
7.8
7.74
7.72
7.72
7.65
7.69
7.74
7.83
7.85
7.8
7.93
8.14
8.18
8.19
8.24
8.32
7.68
7.72
7.63
7.63
7.38
7.51
7.44
7.5
7.47
7.54
7.54
7.4
7.62
7.73
7.61
7.61
7.56
7.61
7.68
7.7
7.59
7.89
7.75
7.81
8.33
8.04
7.98
8.04
8.04
8.05
8.06
7.9
7.88
8.04
7.82
7.98
8.1
8.13
7.92
7.85
7.86
7.84
7.8
7.62
7.25
7.23
7.24
7.26
7.28
7.37
7.44
7.24
7.3
7.29
7.26
7.27
7.35
7.45
7.5
7.43
7.03
7.27
7.3
7.3
7.47
7.43
7.34
7.3
7.15
7.34
7.41
7.64
7.81
7.58
7.22
8.46
8.55
8.61
8.56
8.66
8.51
8.61
8.64
8.63
8.54
8.57
8.56
8.37
8.43
8.36
8.27
8.49
8.32
8.31
8.39
8.34
8.13
8.14
8.25
8.13
7.8
7.74
7.69
7.74
7.8
