42.62
42.94
43.15
43.44
42.64
42.99
42.93
43.71
44.25
44.41
44.16
44.13
42.87
43.41
42.38
41.62
41.47
41.82
42.69
42.38
43.8
43.61
43.38
44.03
43.82
43.89
43.73
43.88
43.78
43.77
44.11
44.1
43.84
43.93
43.89
43.36
43.99
43.4
42.98
43.16
42.42
43.04
42.68
41.89
42.86
42.69
43.4
43.9
44.19
44.05
43.49
43.9
43.51
42.63
43.06
42.93
43.27
43.39
43.41
43.15
43.14
43.59
44.33
44.97
45.34
45.61
46.1
46.23
46.01
45.65
46
45.35
41.16
40.63
41.11
39.95
40.76
40.92
41.87
41.37
41.93
41.89
42.06
42.18
42.08
42.41
41.87
41.15
41.43
41.44
40.92
40.92
41.26
41.16
40.84
40.72
40.14
40.47
40.45
39.94
39.81
39.29
39.13
38.99
39.05
38.5
38.58
38.65
38.43
38.73
38.23
37.64
38.35
37.8
37.87
37.56
38.3
38.46
38.23
38.1
38.74
39.02
38.46
39.08
38.89
38.27
38.09
38.28
38.44
38.95
38.76
39.42
38.83
39.58
39.8
41.55
41.14
41.19
40.66
40.5
40.68
40.71
40.71
40.64
41.27
41.55
41.9
41.66
41.53
41.27
41.64
41.84
41.74
41.63
41.58
41.25
41.41
40.64
40.28
40.22
40.24
39.9
39.92
39.94
39.67
40.16
39.96
40.1
39.61
40.39
40.96
40.63
40.55
40.33
40.47
40.31
40.43
40.01
40
39.91
40.26
40.54
40.49
40.13
40.32
40.26
40.56
40.89
41.34
40.95
40.77
40.53
40.53
40.15
40.46
40.76
41.1
40.82
42.51
42.81
42.32
42.15
42.14
42
42.56
42.66
42.7
42.63
42.1
41.7
41.81
41.97
42.02
42.2
41.57
41.91
42.15
41.52
41.68
41.56
42.16
41.69
41.93
41.88
41.89
41.95
41.04
40.87
41.06
41.01
41.21
40.81
40.97
40.88
40.11
40.13
39.45
39.75
39.79
40.46
40.24
40.08
40.13
39.73
39.57
38.98
39.79
40.88
40.24
39.47
38.28
38.44
38.95
38.76
39.42
38.83
39.58
39.8
41.55
41.14
41.19
40.66
40.5
40.68
40.71
40.71
40.64
41.27
41.55
41.9
41.66
41.27
41.64
41.58
41.25
40.22
40.24
39.67
40.16
39.61
