82.43
82.32
81.94
82.72
82.31
82.15
83.01
83.92
84.86
84.74
83.38
83.75
82.85
83.56
81.83
82.09
81.39
81.54
83.09
82.66
84.63
84.35
85.16
85.41
85.13
85.17
85.46
85.5
85.39
84.87
85.21
86.26
85.49
85.9
86.03
85.64
85.39
85.05
85.61
86.7
85.79
85.95
85.12
84.29
85.67
85.15
86.49
89.58
90.08
91.62
90.73
91.19
91.25
89.86
89.99
90.3
89.92
90.25
91.1
90.07
89.6
90.01
90.44
91.09
92.4
92.64
93.46
93.14
93.29
92.6
92.05
92
90.7
89.36
89.2
89.55
90.41
90
90.71
90.76
90.38
90.58
90
91.07
90.08
90.43
88.88
88.8
88.11
88.6
88.47
88.73
87.95
87.84
88.11
88.6
89.48
89.67
89.45
89.13
88.9
89
88.64
87.38
87.27
86.94
86.54
86.47
85.95
85.16
83.23
84.23
84.61
84.18
83.27
82.24
82.95
83.55
83.37
84.69
83.66
84.18
83.16
83.57
83.79
83.05
83.14
83.74
84.44
84.58
84.33
85.24
84.44
84.81
84.47
84.19
84.16
84.08
83.87
83.26
83.49
83.64
82.99
83.32
83.77
83.7
82.9
82.98
83.11
83.03
83.31
83.38
83.54
83.39
83.28
82.81
82.69
82.44
81.78
81.95
81.48
81.42
81.48
80.95
80.14
81.09
79.41
79.22
79.65
77.32
78.16
78.65
79.26
79.56
80.26
79.99
80.1
80.28
80.55
80.4
80.94
81.26
81.32
81.16
81.61
81.67
80.56
80.19
79.98
79.56
79.28
78.59
79.02
78.62
79.32
79.01
79.52
79.93
80.24
79.79
79.58
79.69
79.64
79.76
80.06
80.15
80.09
80.03
80.11
79.86
79.93
80.36
80.79
80.4
80.1
80.08
80.52
80.65
80.49
80.23
79.93
80.33
80.53
81.17
81.61
81.73
82.39
82.16
82.09
81.13
81.7
81.92
82.34
82.55
82.44
82.94
81.41
81.15
80.36
81.25
81.56
81.76
81.65
80.84
80.81
80.76
81.09
81.49
81.35
80.49
83.74
84.44
84.58
84.33
85.24
84.44
84.81
84.47
84.19
84.16
84.08
83.87
83.26
83.49
83.64
82.99
83.32
83.77
83.7
82.9
82.98
83.03
83.31
83.28
82.81
81.95
81.48
80.14
81.09
79.65
