67.97
69.43
69.34
68.88
67.02
67.16
67.21
68.98
70.06
70.04
69.83
70.23
69.82
70
68.64
69.37
70.27
71.88
72.7
71.5
70.93
70.84
71.4
72.66
72.51
72.01
71.68
71.37
70.94
71.52
70.98
70.54
70.8
70.88
70.39
70.21
70.26
67.11
66.35
67.95
66.96
66.96
65.53
62.46
63.69
70.99
71.77
72.61
72.18
71.9
71.59
72.48
71.29
71.38
72.22
72.97
73.57
74.42
74.5
73.73
72.88
73.93
74.28
74.33
75.02
74.98
75.62
74.66
74.6
74.56
73.43
73.36
72.21
70.31
70.37
70.58
71.99
71.5
73
72.61
73.37
73.34
74.37
73.32
71.79
72.9
72.26
72.27
71.7
71.47
70.71
70.47
72.01
70.4
70.85
70.65
70.29
69.64
69.36
69.26
70.58
77.2
77.11
78.24
78.51
77.37
76.89
76.57
75.84
76
75.14
74.3
75
73.27
72.43
71.14
71.2
71.86
70.71
71.22
74.08
75.19
73.51
74.72
74.86
73.66
73.88
74.77
74.82
75.06
74.81
76.24
75.83
76.29
75.53
76.44
75.83
75.71
75.08
75.33
76.11
75.93
75.84
75.9
75.81
75.11
74.89
75.06
76.1
76.34
76.97
77.01
76.59
76.82
76.77
76.44
75.13
75.03
74.41
74.76
74.5
74.14
74.73
73.88
72.49
72.89
72.75
73.26
72.55
73.72
76.04
75.31
75.83
76.1
76.17
81.6
81.53
79.67
79.39
78.11
79.62
79.44
79.52
79.6
80.43
80.77
80.65
80.82
80.99
80.17
79.73
79.2
78.99
78.77
78.05
78.78
79.43
79.86
79.75
79.19
79.16
78.65
79.11
79.34
79.21
79.18
79.95
80.38
79.66
79.92
80.4
80.48
80.45
80.19
80.22
80.46
79.88
79.56
79.67
79.86
79.81
79.42
79.78
80.41
80.37
79.97
79.5
79.5
79.32
79.31
79.56
78.99
78.99
78.71
78.52
78.05
77.61
77.87
80.71
80.61
80.93
81.32
80.18
79.49
79.14
78.01
78.07
79.93
78.89
78.08
74.77
74.82
75.06
74.81
76.24
75.83
76.29
75.53
76.44
75.83
75.71
75.08
75.33
76.11
75.93
75.84
75.9
75.81
75.11
74.89
75.06
76.34
76.97
76.77
76.44
74.76
74.5
72.49
72.89
72.55
