27.13
27.25
27.52
27.65
27.13
27.09
27.46
28
28.4
28.44
28.26
28.15
28.15
28.3
27.94
28.24
28.26
28.66
29.36
28.92
29.3
29.33
29.54
30.19
29.51
29.91
29.49
29.63
29.63
29.61
29.31
29.49
29.31
29.43
29.46
26.93
27.49
27.12
27.24
27.26
26.69
27.12
26.83
26.36
27.22
26.8
26.9
27.97
28.21
28.5
27.84
28.07
27.68
27.41
27.92
28.1
28.05
27.79
27.51
27.3
27.05
27.06
27.61
27.82
28.36
28.46
28.35
28.3
28.25
28.22
27.77
27.65
26.81
26.58
26.68
26.86
26.99
26.87
27.42
27.23
27.5
27.77
27.95
27.82
27.59
27.64
27.42
27.28
27.03
26.88
26.81
26.59
26.6
26.46
26.32
25.68
25.11
25.15
25.15
25.33
25.26
25.15
24.88
24.58
24.47
24.08
24.1
24.06
23.76
23.78
23.56
23.26
23.51
22.93
23.25
22.82
22.96
23.06
22.93
23.34
24.19
24.66
24.64
25.01
25.31
25.06
25.03
25.17
25.12
25
24.54
24.98
24.7
24.97
25.2
25.22
25.2
25.22
25.06
25.16
25.18
24.93
24.86
24.95
25
24.91
25.04
24.88
24.99
24.85
24.8
24.81
24.7
24.65
24.89
24.71
24.64
24.63
24.43
24.54
25.2
25.15
25.23
25.03
24.86
24.93
24.97
25.16
25
25.23
25.63
25.71
25.92
25.97
25.83
25.68
25.95
25.85
25.91
25.63
25.98
25.67
25.44
25.52
25.44
25.44
25.07
25.23
25.19
25.03
25.08
24.85
24.7
24.65
24.72
24.53
24.7
24.83
24.71
24.63
24.5
24.53
24.7
24.66
25.04
25
24.8
24.83
24.7
24.5
24.68
24.78
24.62
24.68
24.82
24.71
24.52
24.38
24.48
24.12
24.35
24.37
24.18
22.81
22.86
23.19
23.02
23.02
22.87
22.72
22.96
22.94
23.01
23.11
23.16
23.02
23
23.33
23.5
23.52
23.4
23.21
23.03
22.89
22.85
22.46
22.65
23.12
22.94
22.85
25.17
25.12
25
24.54
24.98
24.7
24.97
25.2
25.22
25.2
25.22
25.06
25.16
25.18
24.93
24.86
24.95
25
24.91
25.04
24.88
24.85
24.8
24.89
24.71
24.54
25.2
24.86
24.93
25
