109.75
108.51
108.2
109.5
109.25
108.82
109.46
110.15
109.65
108.8
107.6
113.3
111.17
112.11
108.66
109.02
107.98
106.14
108.38
107.85
109.6
109
110
110.5
111.62
110.99
112.3
111.9
110.8
111.69
110.58
110.12
109.13
109.87
107.88
105.2
107.4
106.45
107.43
110.4
108.15
110.92
108.05
104.59
106.68
105.84
110.26
112.5
110.2
113.78
114.61
113.4
111.39
110.06
110.22
109.6
108.93
109.94
111.1
108.96
108.65
108.8
112.77
112
113.29
114.31
115.45
115.74
114.82
114.74
113.28
115.3
113.6
112.6
110.84
113.2
115.2
114.84
115.44
115.78
115.89
115.08
115.72
116.26
117.82
118
120.26
119.15
117.46
116.16
114.13
114.58
114.4
110.81
110.82
109.79
109.65
111.1
109.93
109.55
111.03
110.68
110.48
111.4
112.74
110.5
110.4
111.21
109.23
109.34
109.61
107.37
109.37
106.83
107.16
105.5
106.38
106.7
106.21
104.9
109.08
111.76
110.23
113.1
115.55
116.16
117.2
119.07
118.76
119.86
118.72
121.18
121.06
122.94
124
126.4
126.63
126.95
125.86
125.68
125.95
126.55
126.6
126.27
127.69
127.3
127.27
126.15
125.3
125.25
127.02
127.15
126.45
124.38
125.86
123.63
123.74
123.2
122.02
122.95
121.3
119.55
120.93
120
118.75
120.38
119.32
120.99
120.95
123.52
123.82
125.02
125.27
124.95
127.1
126.14
125.7
123.86
125.19
124.84
127.4
125.34
127.28
125.68
126.37
128.85
128.27
131.36
132.85
131.85
132.06
132.19
130.92
131.57
133.43
133.22
134.26
136.2
135.7
135.22
134.44
134.33
133.66
133.6
133.7
135.14
135.22
135.34
135.02
132.9
132.29
133.13
132.92
132.79
132.9
132.63
131.61
129.92
129.21
129.25
131.42
132.02
132.66
134.24
136.18
135.6
133.44
133.28
133.75
130.68
130.86
129.99
131.93
131.83
128.95
129.35
132.75
134.55
134.76
136.4
135.45
134.99
134.11
131.72
133.08
133.13
133.82
136.79
135.2
133.46
119.07
118.76
119.86
118.72
121.18
121.06
122.94
124
126.4
126.63
126.95
125.86
125.68
125.95
126.55
126.6
126.27
127.69
127.3
127.27
126.15
125.25
127.02
125.86
123.63
122.95
121.3
118.75
120.38
120.95
