160.45
159.18
160.5
162.67
160.4
160.59
159.2
163
164.63
162.88
159.81
159.81
156.96
157.08
154.28
157.98
156.8
157.81
160.77
158.5
161.18
159.42
161.03
160.48
161.94
160.87
162.81
164.83
162.91
163.65
163.89
162.19
160.96
160.4
158.52
158.2
158.56
155.75
156.72
157.91
156.96
158.47
154.66
153.31
155.48
151.55
153.67
156.36
155.87
155.39
152.09
156.95
157.14
154.57
155.8
156.81
156.44
159.11
158.42
155.05
156.07
159.51
162.06
160.44
160.05
160.51
162.34
161.82
162.24
161.44
158.51
157.68
151.93
151.41
153.06
155.38
161.07
160.51
162.99
161.86
163.27
164.05
164.52
162.67
161.54
162.17
161.95
161.76
162.15
160.92
160.64
161.43
161.89
164.16
164.16
162.79
161.92
163.3
163.49
162.07
161.46
161.82
162.65
164.36
164.4
164.35
163.46
163.6
161.87
162.08
162.18
161.79
163.23
169.1
182.05
179.84
181.75
183.8
183.52
185.93
186.42
189.36
185.71
189.04
188.67
186.91
187.17
189.83
189.64
190.06
189.01
192.31
191.62
193.11
194
193.75
192.8
192.96
191.81
191.28
191.72
191.54
189.99
190.14
191.2
190.68
191.95
191.56
192.3
192
192.25
192.99
191.16
190.41
191.23
190.1
190.07
189.36
187.38
187.88
187.95
187.34
187.47
186.63
184.3
185.97
187.1
189.64
189.15
191.67
194
194.57
195.78
194.4
195.24
193.63
194.09
190.85
192.5
192.49
192.36
188.49
189.86
188
187.7
188.42
187.22
188.04
188.53
188.39
186.35
181.27
181.71
180.37
180.72
180.88
182.14
181.55
182.82
183.6
182.26
182.35
182.56
181.22
182.25
184.29
186.22
186.37
185.98
184.51
184.37
185.69
184.36
183.76
183.08
184.78
185.94
185.68
186.39
184.89
187
187.06
186.46
188.72
192.19
192.57
190.08
188.91
189.3
190.03
191.26
191.44
193.53
196.47
195.11
193.14
189.63
190.22
191.73
192.15
192.27
190.01
196.4
197.02
197.77
195.19
195.68
196.64
193.29
194.52
189.83
189.64
190.06
189.01
192.31
191.62
193.11
194
193.75
192.8
192.96
191.81
191.28
191.72
191.54
189.99
190.14
191.2
190.68
191.95
191.56
192
192.25
191.23
190.1
187.88
187.95
184.3
185.97
189.15
