30.81
30.81
31.27
31.46
32
30.08
29.89
30.79
31.2
31.31
30.74
30.89
30.59
30.83
30.93
30.8
32.33
31.7
32.72
33.19
33.73
34.12
34.1
34.06
33.25
33.65
33.94
34.41
33.76
34.41
34.21
34.26
34.74
34.36
34.12
33.55
33.7
32.93
33.3
33.94
33.6
33.7
33.65
33.04
34.21
33.78
34.18
35.8
36.44
36.91
36.48
36.09
36.45
36.19
36.35
36.5
36.6
36.76
36.69
36.02
35.28
35.95
36.36
36.29
36.76
37.18
37.55
37.44
37.43
37.21
36.37
37.02
36.24
35.56
35.92
36.22
36.7
36.42
36.89
37.2
37.67
37.46
37.43
37.6
37.17
37.25
36.9
36.32
36.25
35.59
35.95
34.35
34.71
34.24
33.95
33.68
33.38
33.31
33.26
33.58
33.82
33.76
34.54
34.31
34.01
32.58
33.92
33.74
33.2
33.18
32.69
32.27
32.61
31.58
31.38
30.85
31.28
32.14
31.47
31.91
33.62
34.27
33.47
34.11
34.03
33.52
33.99
34.82
34.9
34.26
34.14
34.75
34.42
34.71
34.82
35.17
34.98
34.93
34.54
34.62
35.02
35.02
34.91
35.33
35
34.9
34.57
34.57
34.92
34.65
34.79
34.8
34.81
34.94
35.15
34.5
34.34
34.41
34.17
33.94
34.1
33.13
33.02
32.6
32.68
32.84
32.82
34.05
33.74
33.89
34.35
34.19
34.23
34.25
34.25
34.5
34.79
34.06
33.7
33.7
34.65
31.71
31.49
31.25
31.26
30.89
30.79
31.03
31.14
30.98
30.98
30.9
30.93
30.78
30.88
30.5
30.23
30.2
30.09
29.93
29.95
30.01
29.87
27.96
27.93
28.24
27.91
28.17
27.66
27.6
27.66
27.26
27.32
26.96
26.88
26.71
26.29
26.15
26.2
26.04
26.04
25.82
26.01
26.33
26.45
26.37
26.3
26.34
26.37
26.2
26.17
26.41
26.45
26.69
26.48
26.33
26.26
26.75
26.75
26.84
26.95
27.04
26.93
26.77
26.56
26.18
26.42
26.98
26.91
26.48
34.82
34.9
34.26
34.14
34.75
34.42
34.71
34.82
35.17
34.98
34.93
34.54
34.62
35.02
35.02
34.91
35.33
35
34.9
34.57
34.57
34.65
34.79
35.15
34.5
33.94
34.1
32.68
32.84
33.74
