125.32
124.25
124.43
126.37
123.25
124.24
123.38
126.69
127.21
125.9
127.5
128.47
127.04
124.95
123.59
124.45
122.24
124.51
127.14
126.6
126.41
128.54
129.36
129.09
128.46
130.42
128.79
132.17
133
129.5
128.45
128.72
127.83
127.08
126.46
124.88
122.02
119.72
118.93
119.94
119.56
118.65
118.63
117.16
118.9
115.31
109.14
113.1
112.98
112.4
109.55
108.72
105.99
106.82
109.8
110.22
109.25
112.01
111.89
107.75
106.26
106.25
109.33
110.38
112.52
113.91
113.99
112.01
112.54
112.94
111.78
112.65
109.41
106.74
108.22
109.73
111.62
111.95
114.12
112.4
115
115.49
115.93
114.63
115.07
118.93
119
117.6
118.62
116.47
116.31
114.67
115.47
113.99
114.18
112.82
111.25
109.7
108.83
109.01
108.7
108.86
108.6
109.4
108
106.98
107.34
106.74
105.11
105.22
104.83
102.99
102.47
99.76
97.67
96.26
97.54
98.75
99.81
100.73
101.02
100.8
98.75
99.62
99.62
99.9
99.18
100.75
100.11
100.75
97.87
101.75
102.64
101.06
100.96
101.79
101.58
100.86
101.63
101.66
101.43
101
97.99
98.36
98.97
98.12
98.94
103.3
102.5
102.25
102.13
100.89
101.54
101.32
100.58
100.57
100.53
99.16
97.98
97.5
97.24
95.97
95.99
94.74
94.48
94.96
95.12
95.59
96.13
95.6
98.15
98.38
99.02
97.67
97.03
97.19
94.72
93.94
94.43
93.09
94.78
95.32
96.45
95.22
95.04
95.39
95.35
95.97
94.03
93.48
93.52
92.93
91.98
90.9
90.36
90.28
90.83
90.91
91.86
92.18
92.08
92.2
91.28
92.29
93.86
94.25
93.7
92.22
92.48
92.12
91.08
89.81
90.43
90.77
89.14
89.38
87.73
86.75
86.62
86.39
86.37
85.36
84.12
84.84
84.82
84.69
83.65
84
84.62
84.92
85.85
84.65
84.5
84.3
84.62
84.87
81.71
81.11
74.96
75.96
75.88
74.99
74.14
73.99
74.53
74.23
74.78
75.76
74.78
74.78
100.75
100.11
100.75
97.87
101.75
102.64
101.06
100.96
101.79
101.58
100.86
101.63
101.66
101.43
101
97.99
98.36
98.97
98.12
98.94
103.3
102.25
102.13
100.58
100.57
97.5
97.24
94.48
94.96
96.13
