15.54
15.41
15.39
15.52
15.31
15.42
15.41
15.61
15.72
15.84
15.61
15.98
16.09
16.13
16.09
16.09
16.11
15.79
16.17
16.22
16
15.84
16.04
16.01
15.81
16.04
16.49
16.38
16.2
16.38
16.21
16.3
16.63
16.61
16.67
16.36
16.42
16.35
16.49
15.97
15.79
15.89
15.46
15.15
15.43
15.2
15.63
15.85
15.73
16.09
15.41
15.26
15.38
15.2
16.04
16.45
16.68
16.98
17.29
16.94
16.86
17.38
17.9
17.89
18.13
18.11
17.98
17.98
17.93
17.71
17.62
17.53
17.26
16.72
16.85
17.13
17.47
17.38
17.56
17.66
17.68
17.21
17.29
17.15
16.79
17.04
17.11
17.1
17.18
17.12
17
17.06
17.14
17.09
17.14
17.22
17.29
17.32
17.37
17.36
17.36
17.34
17.21
17.27
17.16
17.03
16.99
16.8
16.59
16.72
16.6
16.4
16.6
16.26
16.21
16.08
15.76
16.52
16.4
16.48
16.59
17.12
16.88
17.29
17.29
16.88
16.82
17.05
17.01
17.03
16.85
17.18
17.05
17.03
16.95
17.04
16.77
16.71
16.74
16.79
16.57
16.36
16.14
16.35
16.02
16.11
16.1
16.27
16.09
16.01
16.2
16.33
16.29
16.13
16.16
15.52
15.45
15.45
15.22
15.32
15.25
15.21
15.22
15.2
15.12
15.2
15
15.05
14.98
15.25
15.58
15.34
15.5
15.59
15.62
15.52
15.52
15.52
15.49
15.2
15.51
15.81
15.57
15.38
15.44
15.6
15.58
15.94
16.03
15.85
15.6
15.37
15.33
15.41
15.47
15.49
15.64
15.45
15.55
15.65
15.59
15.28
15.44
15.42
15.59
15.92
15.84
15.59
15.43
15.21
15.21
15.26
15.14
15.15
15.14
15.22
14.72
14.71
14.61
14.53
14.67
14.51
14.55
14.84
15.03
15.07
14.74
14.93
14.8
14.73
15.08
15.25
15.09
15.14
15.24
14.95
15.95
16.34
16.37
16.29
16.09
16.15
16.13
16.39
16
15.77
16.12
16.62
16.44
16.38
17.05
17.01
17.03
16.85
17.18
17.05
17.03
16.95
17.04
16.77
16.71
16.74
16.79
16.57
16.36
16.14
16.35
16.02
16.11
16.1
16.27
16.01
16.2
16.16
15.52
15.32
15.25
15.12
15.2
14.98
