105.28
104.79
104.98
106.9
104.28
105.25
105.67
104.2
105.92
107.03
104.75
106.7
103.17
103.13
101.62
102.42
103.54
102.91
103.95
103.55
104.73
105.16
105.16
105.9
106.68
107.06
108.58
107.96
107.86
108.6
108.35
110.44
112.4
112.78
110.86
109.98
110.18
110.43
109.61
109.31
108.35
109.53
106.06
102.53
103
103.71
108.26
108.88
106.85
108.92
108.16
106.47
105.12
102.67
103.9
104.2
105.88
108.21
110.41
107.94
108.03
108.08
112.58
112.18
113.11
113.32
113.25
113.47
113.95
112.03
112.93
109.03
106.02
101.7
100.86
102.38
104.91
104.86
107.01
106.8
110.87
112.28
113.71
114.02
111.73
108.87
115.11
116.15
117.59
118.58
117.31
116.47
115.47
115.75
116.32
116.45
117.65
118.44
117.92
118.8
118.53
117.05
115.37
116.78
119.95
117.2
117.14
117.13
115.02
115.91
116.19
114
115.09
111.49
111.8
111.06
109.27
109.78
112.03
113.89
114.51
117.95
116.02
118.09
117.71
117.11
117.65
119.32
120.55
121.47
120.68
122.4
123.06
123.49
124.8
124.14
124.72
124.96
124.24
122.66
123.83
124.28
125.18
126.21
127.4
126.8
127.86
127.54
129.45
128.75
128.64
128.25
127.84
127.11
127.93
127.49
127.63
126.3
126.1
126.96
127.6
127.09
127.71
127.86
125.65
125.73
124.96
128.17
127.9
129.24
132.53
132.42
133.24
133.57
134.85
133.88
132.58
131.29
130.39
130.08
130.89
129.26
129.26
128.47
130.25
131.39
129.9
130.47
131.19
130.23
130.54
130.55
130.36
130.92
131.23
131.77
132.98
132.34
131.99
130.28
128.83
128.54
127.26
126.11
125.18
125.34
124.37
124.19
123.52
122.35
122.55
122.21
122.79
122.32
122.52
122.84
123.37
123.63
124.16
122.5
122.95
123.18
123.81
126.42
125.85
125.24
125.03
125.09
126.23
124.97
125.36
124.72
124.94
125.52
125.97
125.73
123.99
124.3
124.69
124
124.24
123.68
121.83
120.3
118.7
117.03
116.69
119.1
117.8
117.34
119.32
120.55
121.47
120.68
122.4
123.06
123.49
124.8
124.14
124.72
124.96
124.24
122.66
123.83
124.28
125.18
126.21
127.4
126.8
127.86
127.54
128.75
128.64
127.93
127.49
126.96
127.6
125.65
125.73
127.9
