16.03
15.91
16.14
16.16
15.98
16.01
16.18
16.56
16.57
16.48
16.34
16.46
16.39
16.49
16.2
16.17
15.75
15.72
16.03
15.93
16.11
16.03
16.17
16.57
16.34
16.38
16.51
16.36
16.38
16.4
16.43
16.21
16.11
16.3
16.36
16.25
16.09
15.92
15.86
15.85
15.87
15.65
15.27
14.71
14.85
14.46
14.85
15.08
14.91
15.03
14.97
15.01
15.02
14.86
15.11
15.21
15.22
15.21
15.42
15.04
14.62
14.76
15.36
15.5
15.5
15.52
15.45
15.3
15.33
15.22
15.03
14.81
14.45
14.09
14.28
14.99
15.28
15.16
15.43
15.43
15.7
15.81
16.01
15.9
15.77
15.73
15.61
15.68
15.67
15.43
15.46
15.44
15.5
15.54
15.14
14.93
14.58
14.37
14
14.17
14.19
13.94
13.95
13.99
14.09
13.95
13.91
14.16
13.82
13.78
14.4
14.13
14.26
14.17
14.02
13.98
13.62
13.78
13.54
13.79
13.84
14.21
14.1
14.52
14.59
14.56
14.59
14.79
15.11
16.33
16.2
16.41
16.17
16.36
16.65
16.58
16.53
16.52
16.47
16.59
16.66
16.63
16.63
16.8
17.14
17.27
17.47
17.6
17.41
17.42
17.36
17.19
17.23
17.17
17.4
17.41
17.36
17.43
17.31
17.43
17.42
17.21
17.17
17.09
16.82
16.98
16.87
17.02
16.81
17.02
17.46
17.57
17.64
17.62
17.84
17.78
17.82
17.7
17.72
17.74
17.8
17.54
17.55
17.47
17.3
17.43
17.11
17.32
17.32
17.22
17.21
17.24
17.28
17.2
17.2
16.97
16.88
16.67
16.78
16.83
16.79
16.63
16.56
16.52
16.9
17.01
17
17.08
16.68
16.79
16.55
16.44
16.44
16.54
16.31
16.16
16.02
15.91
15.91
15.77
15.92
15.76
15.69
15.75
15.86
15.84
15.77
15.81
15.46
15.56
15.74
15.9
15.91
16.15
16.12
15.97
15.78
16.32
16.23
16.1
15.98
16
16.07
15.84
15.7
15.63
15.63
15.84
16.1
15.94
14.79
15.11
16.33
16.2
16.41
16.17
16.36
16.65
16.58
16.53
16.52
16.47
16.59
16.66
16.63
16.63
16.8
17.14
17.27
17.47
17.6
17.42
17.36
17.4
17.41
17.43
17.42
16.82
16.98
16.81
