191.55
192.23
187.97
191.02
188.06
187.24
187.35
191.28
191.96
193.13
189.97
192.32
190.57
191.9
189.34
189.95
184.18
182.71
187.93
186.91
190.08
189.67
191.27
191.79
189.79
192.2
191.72
192.22
190.31
191.51
189.11
188.67
190.02
189
189.78
187.65
184.56
182.22
183.43
180.77
178.78
180.24
175.49
172.41
175.99
173.05
176.49
180.42
180.49
182.04
177.15
175.63
177.23
178.49
180.23
184.93
185.07
187.35
190.27
187.28
184.53
188.34
194.41
193.83
195.71
196.19
195.45
195.89
195.5
194.44
193.28
191.61
185.03
183.31
185.54
188.82
193.54
192
196.89
196.62
195.45
191.95
190.95
190.19
188.2
188.41
188.52
188.86
190.07
189.59
189.75
189.19
189.64
189.93
189.98
190.24
190.18
191.88
191.8
190.71
191
189.84
190.27
190.83
189.99
186.97
186.08
186.32
183.91
183.35
180.06
176.83
180.18
177.84
176.91
172.58
177.24
178.7
178.77
180.38
181.27
186.64
183.8
187.48
188.07
182.88
180.7
183.57
183.83
185.12
184.09
187.81
185.09
185.29
186.2
187.89
184.82
184.04
183.98
183.17
181
179.87
177.4
180.11
179.75
180.08
179.6
179.77
179.11
177.65
177.81
177.9
177.87
175.47
175.15
174.03
173.96
174.55
171.9
172.73
172.37
172.33
172.46
172.26
169.1
169.74
169.42
171.69
170.25
172.87
175.76
175.54
175.95
175.4
176.26
176.82
175.02
171.72
171.47
170.14
170.47
169.17
167
164.8
163.42
164.67
164.91
167.78
169.46
166.89
166.81
167.44
166.78
168.01
168.38
168.23
170.24
169.84
169.73
169.86
168.22
165.85
165.89
165.96
165.43
166.36
166
166.19
162.58
162.39
161.8
160.03
159.81
160.74
161.19
161.77
160.16
159.85
159.35
156.35
157.67
156.43
156.64
159.45
160.28
159.55
157.2
157.4
155.52
154.54
156.35
158.88
160.37
159.82
158.24
156.54
158.24
160.85
160.45
160.46
157.8
157.44
157.22
154.92
154.74
152.72
155.98
158.16
156.56
158.56
183.57
183.83
185.12
184.09
187.81
185.09
185.29
186.2
187.89
184.82
184.04
183.98
183.17
181
179.87
177.4
180.11
179.75
180.08
179.6
179.77
177.65
177.81
175.15
174.03
172.73
172.37
169.1
169.74
170.25
